9139402747
9139404542
9139406458
9139407431
9139407715
9139408823
9139409102
9139420943
9139422646
9139422647
9139417401
9139424941
9139416013
9139423748
9139421113
9139422493
9139414175
9139416849
9139417614
9139415559
9139423136
9139423314
9139424871
9139415582
9139424436
9139422199
9139423402
9139419660
9139419761
9139423299
9139416704
9139416406
9139424138
9139415554
9139414836
9139416613
9139413671
9139420299
9139413528
9139422348
9139423128
9139417857
9139423319
9139423846
9139418733
9139419247
9139416390
9139419579
9139421777
9139417806
9139419852
9139423725
9139423365
9139418834
9139420006
9139415552
9139419654
9139409713
9139422769
9139422948
9139421926
9139419874
9139415499
9139421582
9139415086
9139420616
9139420182
9139421816
9139417119
9139416125
9139418864
9139421987
9139423334
9139421110
9139409693
9139414137
9139422936
9139415556
9139417891
9139419587
9139413334
9139417140
9139418358
9139416215
9139415777
9139411248
9139424507
9139414778
9139420233
9139422440
9139412814
9139415629
9139415704
9139415269
9139409723
9139420389
9139418244
9139200924
9139201602
9139202904
9139207497
9139211730
9139213667
9139214231
9139214775
9139214876
9139215674
9139249530
9139224635
9139225722
9139231570
9139237846
9139233491
9139247157
9139216152
9139244737
9139223442
9139250174
9139250336
9139250236
9139243346
9139245047
9139250290
9139250256
9139222619
9139250169
9139250139
9139250197
9139237992
9139250192
9139250146
9139235790
9139250271
9139230888
9139250189
9139250260
9139250227
9139250288
9139243009
9139250244
9139243824
9139219783
9139250309
9139250142
9139239599
9139243753
9139247638
9139250246
9139243409
9139249304
9139230093
9139249102
9139250154
9139232646
9139241099
9139250221
9139250135
9139237186
9139250259
9139244128
9139250240
9139243531
9139218694
9139250132
9139250152
9139250293
9139250178
9139242813
9139238261
9139250157
9139222721
9139250156
9139232282
9139243731
9139226461
9139238534
9139250279
9139250284
9139243691
9139250296
9139250147
9139231863
9139237004
9139250268
9139244782
9139216914
9139250060
9139222472
9139250168
9139248504
9139250118
9139222859
9139250121
9139226587
9139231186
9139236397
9139242752
9833200933
9833201217
9833202068
9833204787
9833208499
9833208787
9833209492
9833209805
9833210756
9833212328
9833224710
9833224185
9833228004
9833228140
9833226412
9833223866
9833227550
9833227696
9833228042
9833218746
9833227180
9833225032
9833227557
9833227686
9833228329
9833227547
9833224696
9833227990
9833226383
9833227825
9833227506
9833227812
9833227626
9833226758
9833227432
9833224277
9833224797
9833224472
9833223878
9833213654
9833219164
9833228084
9833227823
9833227188
9833225040
9833228031
9833223621
9833228352
9833223601
9833227795
9833220619
9833224016
9833224457
9833224064
9833224492
9833227914
9833226776
9833228161
9833221488
9833226483
9833223640
9833227965
9833213139
9833228284
9833224979
9833217120
9833218032
9833223610
9833221327
9833228092
9833227839
9833220586
9833228344
9833227986
9833226324
9833225880
9833228130
9833221360
9833228298
9833225188
9833223501
9833221358
9833212625
9833227483
9833225941
9833217482
9833215632
9833223741
9833226479
9833227818
9833212835
9833227083
9833224249
9833221270
9833226459
9833225285
9833228001
9833227956
9833224859
9833223921
9134600390
9134600709
9134601618
9134602306
9134611075
9134611107
9134611456
9134611459
9134612489
9134613178
9134615423
9134616525
9134615672
9134620628
9134623275
9134619297
9134615962
9134615593
9134618654
9134620965
9134620830
9134621398
9134622396
9134620954
9134616952
9134620703
9134616075
9134615810
9134621507
9134622739
9134620837
9134620907
9134615636
9134615753
9134618486
9134622650
9134616370
9134619735
9134618379
9134613624
9134622725
9134623155
9134616445
9134618308
9134618354
9134621162
9134618896
9134616117
9134615819
9134622235
9134614754
9134621003
9134621615
9134617502
9134620714
9134615978
9134620984
9134617412
9134620778
9134619102
9134615832
9134618140
9134615751
9134620951
9134617212
9134616817
9134621419
9134617150
9134618870
9134620197
9134621598
9134618360
9134616205
9134621086
9134623101
9134619142
9134620860
9134618976
9134615801
9134620696
9134615803
9134616308
9134621395
9134615682
9134621106
9134621988
9134615694
9134615012
9134620797
9134620821
9134622489
9134615730
9134621013
9134617082
9134622010
9134621684
9134622451
9134615703
9134615825
9134618339
9130601741
9130601769
9130603143
9130603147
9130604590
9130605257
9130605583
9130606337
9130606461
9130606568
9130608018
9130610020
9130607312
9130612978
9130609805
9130611103
9130607967
9130607278
9130611641
9130613173
9130608316
9130609067
9130607071
9130612971
9130610334
9130611944
9130609605
9130606634
9130610693
9130609962
9130612245
9130610247
9130610634
9130611774
9130608506
9130610040
9130607531
9130610618
9130608150
9130606678
9130610080
9130606643
9130612870
9130607380
9130608290
9130607708
9130607446
9130609148
9130606652
9130611638
9130607092
9130608209
9130609779
9130610766
9130607793
9130611885
9130610608
9130607516
9130606651
9130606635
9130610619
9130611054
9130610250
9130608656
9130608906
9130610755
9130608009
9130611462
9130609908
9130609352
9130606658
9130611293
9130606728
9130611234
9130609064
9130612438
9130612444
9130608344
9130611648
9130607621
9130609178
9130610506
9130612157
9130606641
9130606623
9130611808
9130611098
9130611169
9130611707
9130606673
9130611150
9130611096
9130611364
9130610289
9130609004
9130610684
9130612824
9130611683
9130607098
9130611425
9137700543
9137702891
9137703562
9137704726
9137704911
9137705949
9137707311
9137707490
9137711264
9137711639
9137719485
9137716139
9137712906
9137721064
9137714920
9137721760
9137714265
9137713083
9137713394
9137714991
9137722405
9137720803
9137720683
9137726054
9137724185
9137714335
9137719705
9137725802
9137726119
9137726251
9137714993
9137713725
9137713827
9137721208
9137723219
9137723649
9137721104
9137714151
9137719706
9137720331
9137723449
9137713258
9137725053
9137721003
9137723818
9137715707
9137724510
9137725204
9137714219
9137722431
9137720810
9137718560
9137725723
9137713788
9137718840
9137715482
9137713398
9137722463
9137720815
9137717208
9137723072
9137723408
9137713583
9137721736
9137713436
9137714412
9137718958
9137720610
9137720326
9137721868
9137725912
9137725977
9137719806
9137721814
9137715329
9137717156
9137720563
9137712925
9137717335
9137716257
9137723184
9137711692
9137717126
9137721941
9137711650
9137725243
9137723547
9137714189
9137724505
9137714002
9137717899
9137725438
9137721781
9137725263
9137726122
9137711698
9137717855
9137721457
9137720105
9137717638
9139803448
9139803501
9139805206
9139805879
9139806565
9139806796
9139807774
9139808015
9139808597
9139813508
9139818196
9139813642
9139813626
9139828826
9139828606
9139813513
9139813721
9139813549
9139813705
9139828905
9139813542
9139813641
9139813696
9139813567
9139829101
9139828873
9139829006
9139813703
9139813600
9139813693
9139824098
9139829175
9139828330
9139813731
9139828758
9139828871
9139828566
9139813652
9139829332
9139813676
9139813661
9139828614
9139829097
9139813684
9139829223
9139813621
9139813627
9139813688
9139813568
9139828864
9139828662
9139828745
9139813524
9139828978
9139828942
9139829259
9139828749
9139825023
9139828672
9139813517
9139829258
9139829331
9139829085
9139813671
9139814854
9139828840
9139827390
9139828839
9139813609
9139829227
9139829207
9139828874
9139828716
9139813611
9139828280
9139827958
9139828647
9139813530
9139828578
9139813602
9139813523
9139813595
9139829308
9139813519
9139828688
9139828732
9139813586
9139813593
9139827892
9139828636
9139813686
9139813685
9139813552
9139813537
9139828673
9139813680
9139821942
9139813704
9139813592
9139813516
9139005857
9139006304
9139006879
9139010184
9139010638
9139010657
9139010662
9139010872
9139011179
9139011692
9139026110
9139037351
9139025622
9139022619
9139039214
9139039713
9139023618
9139039813
9139037823
9139038752
9139026015
9139029848
9139038093
9139037778
9139039356
9139029728
9139037358
9139038538
9139035705
9139030787
9139018296
9139011696
9139036328
9139033662
9139029778
9139039570
9139027491
9139038339
9139027845
9139016413
9139038519
9139037818
9139036331
9139035954
9139026298
9139034534
9139038030
9139011702
9139038466
9139039346
9139039137
9139011719
9139017809
9139025083
9139039386
9139032134
9139021811
9139036389
9139014583
9139038727
9139037462
9139037194
9139036236
9139039239
9139037685
9139011735
9139037407
9139037841
9139038992
9139039616
9139011740
9139038237
9139027763
9139039835
9139028261
9139029088
9139037207
9139039761
9139030319
9139035689
9139011861
9139037928
9139037447
9139030045
9139020935
9139039855
9139017199
9139014815
9139038705
9139037828
9139037836
9139036481
9139034643
9139035114
9139011705
9139012379
9139033036
9139015630
9139039617
9139039233
9137200013
9137201118
9137202273
9137203867
9137204239
9137204421
9137204450
9137204508
9137204551
9137204623
9137205972
9137207654
9137207500
9137206173
9137207471
9137206661
9137207449
9137205755
9137207525
9137208048
9137208333
9137207451
9137205372
9137207469
9137207531
9137206519
9137207479
9137207445
9137205559
9137205995
9137207206
9137207786
9137207487
9137205678
9137206346
9137206663
9137207534
9137205872
9137207397
9137207209
9137207810
9137207529
9137205553
9137205666
9137206008
9137207416
9137207198
9137206345
9137206111
9137207907
9137208272
9137207516
9137207505
9137205865
9137205186
9137207539
9137207488
9137208292
9137208338
9137207443
9137206463
9137204765
9137206323
9137205775
9137206626
9137206443
9137207491
9137205942
9137206852
9137207509
9137207485
9137207533
9137207393
9137205744
9137205180
9137207473
9137206377
9137206479
9137208111
9137207747
9137206660
9137205557
9137207440
9137208884
9137207655
9137207501
9137207421
9137208672
9137206672
9137207506
9137207519
9137206493
9137206583
9137208208
9137206664
9137206556
9137206472
9137205920
9137207737
9137207478
9137401539
9137401930
9137403337
9137403744
9137403752
9137403892
9137403989
9137404430
9137404630
9137404698
9137412253
9137413999
9137414569
9137413616
9137412503
9137409636
9137406816
9137409992
9137408135
9137406466
9137414362
9137414512
9137414698
9137410005
9137405552
9137411370
9137408883
9137413888
9137412379
9137411357
9137408889
9137410004
9137414403
9137410006
9137408713
9137410968
9137405553
9137410222
9137408885
9137406764
9137409785
9137406660
9137409990
9137412430
9137412677
9137405666
9137414430
9137412201
9137405847
9137413790
9137411258
9137415337
9137411915
9137410002
9137409402
9137408886
9137408882
9137411710
9137412338
9137408287
9137408884
9137405551
9137408887
9137413637
9137409667
9137414164
9137405554
9137409998
9137406062
9137409666
9137409616
9137412156
9137405915
9137414390
9137413130
9137413903
9137405087
9137406667
9137408973
9137413595
9137405002
9137413555
9137414062
9137410888
9137412666
9137414906
9137414843
9137409161
9137412413
9137406852
9137413601
9137412395
9137409993
9137407224
9137410742
9137412695
9137414864
9137410008
9137412888
9137411240
9132002910
9132004236
9132005159
9132005433
9132005467
9132005491
9132005643
9132005739
9132005992
9132006701
9132021058
9132029904
9132023708
9132030149
9132008834
9132010370
9132018941
9132020935
9132008526
9132033012
9132020767
9132015693
9132011383
9132020991
9132008306
9132008954
9132021798
9132018045
9132012904
9132008375
9132026964
9132008163
9132031476
9132012314
9132008514
9132007168
9132028487
9132018378
9132007446
9132008738
9132010917
9132008317
9132012248
9132023298
9132029053
9132020960
9132020986
9132022191
9132007939
9132018271
9132019787
9132018270
9132026715
9132018149
9132021194
9132022532
9132011239
9132022875
9132008161
9132013135
9132007649
9132007857
9132008321
9132007849
9132008225
9132012051
9132025379
9132016908
9132008184
9132030040
9132011217
9132007395
9132010569
9132011094
9132008662
9132034826
9132011219
9132020996
9132025417
9132032825
9132028062
9132021416
9132013756
9132007378
9132018018
9132011388
9132021024
9132011258
9132021916
9132009183
9132021189
9132008771
9132011206
9132020995
9132012214
9132008935
9132011243
9132032945
9132032331
9132023329
9137601016
9137601992
9137602407
9137602776
9137605597
9137605624
9137605628
9137605993
9137606183
9137606220
9137611375
9137611178
9137610782
9137614445
9137608740
9137611126
9137610079
9137609460
9137610508
9137610975
9137612999
9137614341
9137610016
9137607912
9137609036
9137609997
9137614394
9137614447
9137612904
9137606238
9137611172
9137609126
9137611160
9137611164
9137613871
9137606786
9137608150
9137610748
9137612767
9137610929
9137609508
9137611137
9137611168
9137613473
9137611225
9137609674
9137611156
9137614452
9137606987
9137611709
9137607759
9137611157
9137612953
9137607178
9137614278
9137613467
9137611127
9137610096
9137611939
9137609266
9137614294
9137611189
9137611136
9137611173
9137612855
9137609104
9137613618
9137609092
9137614382
9137612531
9137606395
9137611162
9137614233
9137610426
9137614066
9137610974
9137613149
9137609643
9137612046
9137611683
9137611292
9137614555
9137611532
9137611175
9137612815
9137612444
9137609111
9137607992
9137611187
9137614144
9137611163
9137612273
9137614032
9137606389
9137609487
9137607415
9137610647
9137609995
9137611107
9137609489
9139100084
9139101762
9139102765
9139103884
9139107499
9139107613
9139107735
9139107872
9139109382
9139109724
9139149289
9139192150
9139184725
9139192736
9139183890
9139182905
9139183910
9139187199
9139145866
9139192684
9139180037
9139192957
9139146298
9139190753
9139141257
9139191705
9139111572
9139135827
9139117914
9139185352
9139145964
9139180744
9139192064
9139113260
9139192306
9139192538
9139192668
9139136314
9139192024
9139192425
9139192057
9139147051
9139112781
9139192695
9139191685
9139138676
9139138563
9139192763
9139190380
9139185389
9139146284
9139185316
9139192521
9139134316
9139130436
9139138993
9139190062
9139192855
9139182935
9139192810
9139192839
9139183936
9139192214
9139181787
9139192971
9139186172
9139183791
9139187322
9139192790
9139112632
9139192218
9139191243
9139184590
9139191187
9139192572
9139192464
9139132010
9139192710
9139145023
9139192084
9139192370
9139138638
9139182857
9139192469
9139184034
9139192194
9139111512
9139145719
9139191077
9139183041
9139192832
9139111602
9139191365
9139114822
9139192184
9139132020
9139188136
9139185166
9139185801
9139184511
9137500209
9137500833
9137501416
9137501434
9137501447
9137503071
9137503097
9137503189
9137503198
9137503208
9137519445
9137515891
9137503237
9137520683
9137518039
9137520130
9137519858
9137518056
9137517716
9137518268
9137520380
9137520094
9137512791
9137503216
9137520027
9137518589
9137518384
9137518936
9137518693
9137519855
9137518279
9137519306
9137517136
9137518771
9137520239
9137519283
9137520673
9137520705
9137520187
9137517431
9137519828
9137520533
9137518132
9137520633
9137519287
9137520483
9137516948
9137520509
9137508511
9137517795
9137503209
9137503256
9137503243
9137510154
9137518987
9137520008
9137517553
9137520258
9137517587
9137508400
9137519798
9137519576
9137507561
9137520049
9137520637
9137518487
9137507276
9137517945
9137517618
9137518159
9137520700
9137516014
9137519565
9137516957
9137518167
9137520586
9137518160
9137518530
9137520015
9137518137
9137520613
9137518955
9137519438
9137520235
9137518213
9137520256
9137517921
9137517734
9137517781
9137508819
9137518572
9137518168
9137516813
9137519176
9137518051
9137503219
9137514966
9137511482
9137518048
9137518064
9137800301
9137804091
9137804376
9137804594
9137806329
9137806628
9137807141
9137807321
9137807355
9137807382
9137836260
9137832196
9137834839
9137828559
9137816027
9137812109
9137827894
9137826898
9137813747
9137807601
9137836288
9137831981
9137832532
9137826477
9137832156
9137819898
9137831955
9137813930
9137826920
9137816062
9137807429
9137817962
9137836341
9137835970
9137821621
9137809546
9137835277
9137832009
9137823370
9137836219
9137832548
9137836355
9137834959
9137832961
9137836212
9137819792
9137836263
9137831944
9137836171
9137831535
9137833493
9137815436
9137818661
9137807386
9137823397
9137832036
9137827580
9137823850
9137836183
9137821920
9137836371
9137818606
9137814932
9137826910
9137811452
9137822193
9137814796
9137825497
9137818135
9137814572
9137831973
9137832370
9137835118
9137836181
9137833537
9137833152
9137832769
9137836426
9137831935
9137822349
9137832551
9137836360
9137818698
9137836380
9137814159
9137832486
9137825602
9137834263
9137831950
9137831940
9137836377
9137836275
9137825535
9137819431
9137813563
9137832119
9137832355
9137834137
9137819351
9137826952
9138900146
9138900308
9138902261
9138904811
9138906719
9138907042
9138907762
9138907946
9138908673
9138908724
9138917779
9138916185
9138915863
9138920333
9138911193
9138912100
9138917778
9138920408
9138920327
9138920389
9138911195
9138918157
9138911571
9138920006
9138910411
9138920510
9138920624
9138920479
9138916663
9138909082
9138920729
9138920053
9138912572
9138917786
9138920442
9138911192
9138920831
9138909639
9138916555
9138911890
9138911957
9138913672
9138914894
9138920915
9138911298
9138915729
9138911372
9138917663
9138917239
9138914486
9138914153
9138909818
9138913264
9138920655
9138916510
9138914081
9138915551
9138919365
9138917588
9138918420
9138919788
9138913584
9138913693
9138918962
9138913665
9138913196
9138920009
9138919699
9138913583
9138917920
9138915963
9138919595
9138913752
9138914165
9138911543
9138918068
9138910005
9138916222
9138913653
9138918764
9138920744
9138917139
9138917770
9138909086
9138913830
9138915036
9138913330
9138910254
9138920751
9138909964
9138915234
9138919638
9138919614
9138920204
9138916086
9138912594
9138917675
9138920590
9138911187
9138919441
9137900492
9137900537
9137902739
9137903555
9137903693
9137903993
9137904336
9137904441
9137904442
9137904445
9137909169
9137909503
9137908222
9137904508
9137907906
9137904447
9137905214
9137907302
9137904713
9137907064
9137904862
9137910518
9137906068
9137908889
9137906333
9137906773
9137906046
9137908881
9137906826
9137907337
9137907456
9137910006
9137906888
9137910162
9137905559
9137906796
9137907725
9137907812
9137908666
9137909648
9137906823
9137906951
9137907183
9137908883
9137910009
9137905085
9137906662
9137908684
9137909349
9137909395
9137909650
9137906866
9137907743
9137908882
9137905552
9137910118
9137907917
9137910008
9137906320
9137906798
9137905697
9137907756
9137906111
9137908505
9137907115
9137908678
9137906555
9137906663
9137909347
9137905703
9137910143
9137906522
9137910004
9137904666
9137907614
9137904446
9137906665
9137909162
9137904513
9137909152
9137909151
9137905701
9137907468
9137908444
9137905288
9137910005
9137909160
9137909140
9137907055
9137907841
9137906661
9137910186
9137907199
9137904449
9137904936
9137909476
9137906664
9137909153
9137909164
9137907691
9139890631
9139891268
9139892740
9139892977
9139893422
9139895832
9139896066
9139896516
9139896900
9139897600
9833016499
9833015703
9833016420
9833015981
9833017272
9833008348
9833016658
9833017294
9833017596
9833016939
9833017330
9833016168
9139898903
9833017206
9833016792
9833016386
9833016701
9833000842
9833017304
9833017113
9833015930
9833016252
9833016443
9833016780
9833017814
9833017221
9833016387
9833011934
9833015724
9833016124
9833013009
9833015826
9833007660
9833016287
9833017658
9139897944
9833017291
9833017699
9833016877
9833000688
9833016484
9833016033
9833017122
9833017381
9833017925
9833006654
9833011066
9833016290
9833017434
9833009400
9833017415
9833016694
9833015967
9833016481
9833016642
9833017460
9833017012
9833017198
9833013150
9833016139
9833000491
9833001383
9833017630
9833016110
9833015791
9833017136
9833018003
9833012891
9833017512
9833017452
9833016515
9833016178
9833018051
9833016504
9833016417
9833015907
9833005587
9833000567
9833016489
9833017135
9833017526
9139898843
9833016374
9833016356
9833015979
9833016875
9833011863
9833017701
9833016911
9833015503
9134801231
9134801349
9134802162
9134803464
9134804591
9134805472
9134807360
9134809064
9134809156
9134809785
9134820153
9134815629
9134819515
9134818521
9134819413
9134819209
9134819284
9134819057
9134819302
9134819219
9134817470
9134818389
9134819723
9134819882
9134818538
9134819392
9134817785
9134818297
9134820370
9134819442
9134816386
9134819650
9134820067
9134820318
9134815796
9134818531
9134819467
9134816401
9134819139
9134818379
9134814807
9134819236
9134818391
9134820074
9134819200
9134818956
9134819741
9134809893
9134819082
9134819432
9134817052
9134819255
9134819316
9134811051
9134820197
9134819365
9134817680
9134818293
9134815867
9134820217
9134816018
9134820162
9134817038
9134819618
9134819103
9134817964
9134819608
9134817925
9134819654
9134815486
9134820392
9134819826
9134815655
9134815715
9134819073
9134819292
9134818952
9134817927
9134818537
9134814769
9134819870
9134815367
9134819538
9134819866
9134819756
9134820166
9134820136
9134817612
9134819104
9134819084
9134818455
9134817355
9134819767
9134818338
9134820145
9134820172
9134814174
9134817411
9134819769
9134819146
9830513332
9830514197
9830514916
9830515096
9830515269
9830515662
9830515823
9830516172
9830516295
9830516794
9830519995
9830518610
9830518836
9830518933
9830518582
9830518821
9830519179
9830518506
9830519333
9830518783
9830519870
9830518478
9830518430
9830519992
9830518829
9830516999
9830518598
9830517666
9830518798
9830517612
9830518838
9830519666
9830518052
9830519278
9830519409
9830518593
9830518839
9830518139
9830518823
9830518482
9830519709
9830518436
9830518777
9830519993
9830517770
9830518862
9830518649
9830518814
9830519990
9830518422
9830519694
9830519308
9830518427
9830517240
9830519994
9830518503
9830516888
9830518524
9830519888
9830519777
9830518622
9134700250
9134704263
9134705985
9134708063
9134710378
9134710475
9134711387
9134712154
9134712515
9134713515
9134729728
9134730040
9134730681
9134727429
9134729984
9134716653
9134731700
9134733965
9134723896
9134714928
9134729704
9134729507
9134734515
9134733913
9134726380
9134728559
9134717959
9134734573
9134734550
9134733793
9134734129
9134727669
9134726621
9134734616
9134725048
9134729827
9134715927
9134733895
9134732193
9134733106
9134732946
9134731855
9134733905
9134730102
9134730371
9134728696
9134730226
9134715421
9134731960
9134732553
9134734115
9134734481
9134726755
9134729026
9134728425
9134729712
9134726856
9134732651
9134734194
9134732595
9134732030
9134728986
9134727826
9134728468
9134730699
9134726012
9134733365
9134714468
9134728427
9134730581
9134733038
9134731801
9134722840
9134725866
9134733586
9134726751
9134732149
9134715918
9134734425
9134732104
9134728226
9134733611
9134729272
9134715440
9134727362
9134727011
9134729501
9134730419
9134730861
9134734543
9134734090
9134716398
9134718545
9134726786
9134732453
9134727271
9134731969
9134732911
9134727365
9134729022
9830038195
9830038053
9830039837
9830037901
9830039886
9830039714
9830039845
9830039786
9830039750
9830039908
9830039936
9830039731
9830039957
9830004152
9830039803
9830039727
9830039980
9830039918
9830039938
9830039862
9830039748
9830039713
9830010638
9830039708
9830039684
9830039831
9830039792
9830039912
9830039932
9830039736
9830039846
9830039879
9830005373
9830039768
9830039942
9830039691
9830039746
9830003264
9830039793
9830010437
9830039981
9830039881
9830004279
9830039822
9830039735
9830039872
9830039738
9830039701
9830001736
9830039920
9830039976
9830039729
9830031022
9830039247
9830039690
9830039891
9830032834
9830039682
9830039864
9830005395
9830031337
9830038045
9830039827
9830039796
9830003642
9830039801
9830039816
9830004574
9137300468
9137300679
9137301876
9137302914
9137302960
9137302975
9137303272
9137303278
9137304086
9137304124
9137322314
9137322076
9137319831
9137322803
9137322417
9137323799
9137323124
9137323625
9137317922
9137312998
9137324306
9137309979
9137320038
9137321713
9137324036
9137322814
9137305367
9137321989
9137323828
9137310984
9137313843
9137324259
9137305821
9137310600
9137322486
9137323902
9137322294
9137324107
9137320854
9137322798
9137310490
9137322434
9137309674
9137322374
9137322032
9137315679
9137322676
9137324050
9137324435
9137323729
9137323515
9137322248
9137307215
9137323509
9137308736
9137324428
9137322284
9137323117
9137324179
9137322657
9137324000
9137323263
9137323695
9137320700
9137323927
9137323810
9137323462
9137313233
9137324434
9137322573
9137323026
9137323624
9137309487
9137317139
9137316243
9137324468
9137304309
9137323414
9137323716
9137306812
9137312104
9137316348
9137322792
9137308826
9137324114
9137319678
9137321888
9137315338
9137322691
9137323109
9137305365
9137311230
9137323694
9137314036
9137323492
9137321912
9137323121
9137317101
9137323459
9137323812
9833110432
9833112643
9833114711
9833115318
9833115485
9833115486
9833115489
9833115490
9833115491
9833115498
9833121226
9833122278
9833121168
9833123695
9833120946
9833125452
9833121260
9833117595
9833121094
9833120953
9833120950
9833123185
9833125273
9833126730
9833121176
9833123239
9833121363
9833127640
9833115613
9833121175
9833126237
9833126142
9833119071
9833126164
9833123253
9833121465
9833119664
9833123575
9833116516
9833121438
9833115601
9833127056
9833124711
9833120983
9833121632
9833127405
9833121183
9833121404
9833117742
9833125330
9833120859
9833123818
9833119174
9833118712
9833127219
9833117049
9833121136
9833125374
9833120140
9833121360
9833121451
9833125778
9833127876
9833125749
9833122902
9833127781
9833127427
9833120894
9833126862
9833123704
9833125445
9833120996
9833126168
9833127552
9833121391
9833125042
9833120425
9833121013
9833120874
9833127086
9833121049
9833121082
9833121464
9833125203
9833120807
9833120780
9833127690
9833121224
9833126857
9833119276
9833126543
9833126805
9833121106
9833118841
9833127073
9833125966
9833117750
9833124974
9833116028
9833122414
9833018081
9833018466
9833018343
9833018433
9833018418
9833018145
9833018112
9833018173
9833018514
9833018425
9833018392
9833018530
9833018138
9831200314
9831202524
9831203678
9831207828
9831208445
9831208707
9831208781
9831209068
9831210187
9831210584
9831227155
9831226300
9831224431
9831220040
9831215638
9831224515
9831228039
9831230057
9831223964
9831230196
9831230204
9831221063
9831224553
9831222925
9831217570
9831227761
9831212724
9831227756
9831220683
9831217858
9831230221
9831230261
9831218039
9831230295
9831223842
9831230029
9831230320
9831225097
9831219560
9831219717
9831219746
9831217826
9831222007
9831211839
9831221418
9831230185
9831230064
9831223452
9831220596
9831220576
9831230308
9831224651
9831221807
9831230021
9831215494
9831226984
9831229749
9831230254
9831230036
9831220180
9831217469
9831230205
9831230314
9831212410
9831230097
9831229598
9831214905
9831227226
9831217973
9831216289
9831217386
9831230126
9831230082
9831224878
9831215983
9831230039
9831230265
9831217357
9831226306
9831230289
9831230118
9831225329
9831225961
9831214185
9831215408
9831230045
9831230327
9831210881
9831230127
9831221569
9831230124
9831218712
9831230037
9831230211
9831218379
9831229408
9831218378
9831214014
9831219064
9831230325
9137000409
9137001291
9137001984
9137003175
9137003691
9137004525
9137004813
9137004873
9137006344
9137006959
9137016965
9137017303
9137019924
9137016235
9137013939
9137015796
9137014861
9137019784
9137016913
9137015913
9137012890
9137012912
9137016482
9137020564
9137019124
9137012391
9137015080
9137013936
9137020226
9137017719
9137015840
9137012470
9137017514
9137012660
9137016598
9137016631
9137016662
9137014666
9137019894
9137013999
9137017955
9137018935
9137017147
9137008863
9137020217
9137019333
9137016822
9137016846
9137019360
9137019716
9137015666
9137019568
9137017241
9137019289
9137016259
9137018999
9137019893
9137014448
9137018259
9137020441
9137020325
9137018234
9137017861
9137016037
9137017210
9137013286
9137019292
9137012292
9137019995
9137014871
9137015117
9137018208
9137014323
9137017096
9137016679
9137013258
9137019827
9137015536
9137016225
9137019270
9137020023
9137013906
9137013586
9137014241
9137012427
9137015888
9137019267
9137009055
9137017932
9137015193
9137017746
9137016931
9137014956
9137019494
9137013463
9137015949
9137019380
9137019240
9137017919
9137017595
9831300172
9831301470
9831301523
9831301611
9831302096
9831302996
9831303968
9831304549
9831304806
9831305136
9831310966
9831309299
9831309872
9831311178
9831308599
9831311169
9831311394
9831305942
9831309742
9831309854
9831311356
9831311736
9831311429
9831311248
9831311714
9831308245
9831306473
9831311722
9831311089
9831311082
9831311288
9831308052
9831311124
9831308525
9831307963
9831311450
9831311057
9831310472
9831307930
9831310416
9831311469
9831308156
9831311412
9831310997
9831307668
9831309444
9831311639
9831310192
9831309871
9831307779
9831311147
9831308555
9831308206
9831310760
9831310884
9831309995
9831311476
9831311653
9831308917
9831310962
9831310953
9831309997
9831311260
9831308463
9831311483
9831308440
9831308885
9831308143
9831309758
9831308981
9831307774
9831311628
9831311398
9831309888
9831310594
9831309205
9831307778
9831309990
9831308882
9831309919
9831307776
9831311066
9831311579
9831311529
9831307669
9831311364
9831311079
9831309059
9831311689
9831307772
9831311150
9831308444
9831309222
9831308884
9831311507
9831308666
9831311049
9831311456
9831308222
9831306586
9139500566
9139500815
9139500986
9139501360
9139501443
9139501562
9139501601
9139501615
9139502867
9139502983
9139511410
9139511189
9139503850
9139507774
9139506147
9139509058
9139503712
9139506641
9139512628
9139508652
9139511158
9139511814
9139507666
9139512279
9139511157
9139511190
9139511746
9139503905
9139512221
9139511175
9139510444
9139505231
9139508017
9139508884
9139508882
9139507374
9139511153
9139512373
9139505478
9139511156
9139508883
9139506442
9139503847
9139507672
9139508669
9139507454
9139511448
9139512333
9139507773
9139508885
9139509653
9139512653
9139505387
9139510993
9139511192
9139509619
9139507772
9139502985
9139503507
9139507776
9139507444
9139512448
9139510790
9139508879
9139510003
9139512292
9139510847
9139504922
9139510958
9139511573
9139508436
9139507222
9139512226
9139511142
9139506390
9139510915
9139512228
9139511193
9139508889
9139503592
9139506381
9139512350
9139511109
9139510009
9139503852
9139503881
9139507042
9139506110
9139503349
9139510836
9139508887
9139503544
9139505321
9139505036
9139508341
9139511197
9139511194
9139507442
9139510827
9139511187
9139300926
9139309314
9139309945
9139311322
9139312588
9139313826
9139314772
9139316391
9139317045
9139317426
9139326895
9139346495
9139345590
9139344813
9139338782
9139344855
9139330228
9139342601
9139347010
9139346113
9139341487
9139328268
9139339170
9139345560
9139322418
9139330244
9139346253
9139342758
9139340560
9139345200
9139336223
9139347023
9139333714
9139327593
9139345602
9139329617
9139345369
9139345247
9139327238
9139318409
9139346779
9139337394
9139346744
9139339089
9139346212
9139347018
9139329282
9139330982
9139340736
9139325241
9139346769
9139332773
9139334502
9139325956
9139342696
9139331560
9139346968
9139346837
9139339105
9139344624
9139346324
9139345583
9139321687
9139345858
9139346948
9139338471
9139333671
9139346660
9139319573
9139346828
9139343086
9139327565
9139328442
9139345658
9139345549
9139330361
9139343898
9139346881
9139325867
9139328754
9139339253
9139346944
9139346083
9139326746
9139345627
9139333118
9139318922
9139322775
9139345959
9139346922
9139346872
9139329648
9139347042
9139344784
9139346268
9139343186
9139339590
9139325741
9139334767
9139320307
9133700408
9133701197
9133704215
9133705670
9133705726
9133706824
9133707038
9133708185
9133708186
9133708193
9133721573
9133709662
9133718717
9133716796
9133717264
9133714425
9133708196
9133714509
9133715824
9133715626
9133720126
9133710221
9133718161
9133719284
9133708195
9133708198
9133715109
9133720563
9133715913
9133719841
9133719140
9133716345
9133709665
9133718673
9133720456
9133714309
9133720562
9133712419
9133720560
9133712223
9133718149
9133714277
9133719028
9133716619
9133718242
9133711953
9133714432
9133715807
9133718203
9133713196
9133718178
9133716456
9133714349
9133717800
9133722153
9133711399
9133718927
9133720276
9133719548
9133709286
9133716296
9133718624
9133714285
9133718511
9133718741
9133720800
9133714515
9133718243
9133715190
9133717994
9133717225
9133719597
9133714614
9133708199
9133716755
9133716497
9133708664
9133721863
9133717162
9133714610
9133718495
9133714491
9133722330
9133714302
9133711603
9133715355
9133722246
9133714315
9133719378
9133712273
9133709287
9133715496
9133721853
9133714731
9133716764
9133711189
9133717698
9133709631
9133719175
9133720548
9133900952
9133901573
9133904217
9133906054
9133908610
9133909987
9133910430
9133910487
9133910879
9133910945
9133918076
9133917238
9133916352
9133917693
9133917882
9133916845
9133916545
9133916336
9133915584
9133912671
9133912959
9133916881
9133917988
9133917041
9133916799
9133916063
9133914276
9133916303
9133916928
9133917571
9133917229
9133916815
9133917135
9133917923
9133915948
9133917583
9133917180
9133917197
9133916887
9133915607
9133914993
9133916358
9133917096
9133914944
9133915175
9133917544
9133917947
9133915080
9133917302
9133915483
9133917529
9133917984
9133916950
9133912831
9133917857
9133915667
9133917133
9133918050
9133915124
9133914275
9133913309
9133916874
9133918268
9133916838
9133917376
9133916922
9133916650
9133916608
9133918231
9133915068
9133918256
9133916803
9133916962
9133918194
9133917074
9133912494
9133917954
9133916898
9133915707
9133918165
9133918211
9133916769
9133917076
9133915966
9133917044
9133913320
9133916087
9133916992
9133916878
9133916942
9133917476
9133915103
9133914271
9133917944
9133917993
9133916819
9133915494
9133914143
9133915205
9133917369
9137101091
9137101394
9137101428
9137104816
9137105444
9137105790
9137105958
9137107094
9137110058
9137110370
9137130244
9137116952
9137129135
9137129771
9137129460
9137130532
9137130008
9137129670
9137129786
9137123041
9137129021
9137130294
9137129913
9137128969
9137110880
9137129759
9137129587
9137130588
9137130547
9137119032
9137129932
9137130006
9137129789
9137130566
9137129790
9137130334
9137118554
9137129205
9137130446
9137129511
9137129572
9137130503
9137113321
9137129563
9137129671
9137130595
9137129970
9137115038
9137115389
9137129451
9137116620
9137130348
9137130582
9137129255
9137116653
9137129773
9137130545
9137127702
9137125892
9137129781
9137118916
9137128334
9137120871
9137128958
9137129878
9137130444
9137115430
9137129983
9137114017
9137130275
9137116654
9137130105
9137130689
9137129732
9137130519
9137129168
9137128924
9137126265
9137117345
9137130445
9137130260
9137116273
9137129338
9137113897
9137130074
9137117582
9137130138
9137129515
9137122182
9137129134
9137130562
9137129319
9137116618
9137130358
9137129995
9137121690
9137125882
9137130320
9137130150
9137115987
9134501574
9134501572
9134500575
9134502578
9134501286
9134503019
9134503590
9134500072
9134504233
9134502666
9134504132
9134505627
9134502582
9134504179
9134503433
9134501884
9134502085
9134502285
9134501645
9134505917
9134500489
9134505859
9134505592
9134507174
9134501485
9134501930
9134503376
9134505794
9134506920
9134500931
9134505623
9134504606
9133802262
9133802649
9133803109
9133804131
9133804306
9133804907
9133804976
9133805094
9133805663
9133806340
9133816144
9133825563
9133825269
9133825256
9133810879
9133825521
9133814770
9133825237
9133825303
9133821451
9133825069
9133825633
9133825435
9133825476
9133817818
9133825219
9133825336
9133825380
9133825309
9133825618
9133812026
9133825133
9133825518
9133825216
9133825612
9133821659
9133825037
9133825139
9133825418
9133825471
9133808294
9133825642
9133825615
9133825266
9133816583
9133825361
9133825523
9133825571
9133810826
9133825564
9133825448
9133825276
9133817565
9133821250
9133825512
9133820551
9133806945
9133825488
9133825039
9133825268
9133822380
9133825614
9133812507
9133825441
9133825643
9133825629
9133825079
9133825341
9133823267
9133825430
9133822120
9133825014
9133825547
9133825410
9133822969
9133811231
9133825538
9133825592
9133818932
9133825455
9133825095
9133825484
9133811960
9133825411
9133825124
9133825631
9133812939
9133814831
9133825171
9133825596
9133807463
9133820450
9133817011
9133825227
9133825232
9133821924
9133817939
9133825017
9133813768
9133825593
9134515205
9134514818
9134513729
9134513418
9134512935
9134510623
9134507808
9134507810
9134514667
9134514204
9134511983
9134514025
9134510084
9134515196
9134513521
9134515175
9134510914
9134513752
9134511939
9134507850
9134515071
9134512842
9134513063
9134514689
9134513758
9134514795
9134507340
9134507328
9134513743
9134512816
9134507970
9134515494
9134511857
9134507790
9134513756
9134513038
9134511996
9134508974
9134514587
9134507348
9134513601
9134514829
9134514976
9134513739
9134515189
9134510079
9134511305
9134515057
9134513436
9134508282
9134511622
9134515329
9134514281
9134514889
9134511921
9134515197
9134514221
9134515073
9134514197
9134514727
9134514491
9134514621
9134514915
9134514215
9134509981
9134515140
9134511596
9134514278
9139425111
9139425033
9139424979
9139425414
9130001468
9130005074
9130008287
9130009738
9130010727
9130017140
9130022675
9130023049
9130025479
9130025886
9130052983
9130032056
9130053221
9130042776
9130083237
9130077196
9130078638
9130045229
9130086503
9130086324
9130047542
9130096756
9130097155
9130034812
9130096682
9130092486
9130091235
9130089280
9130053409
9130089548
9130053342
9130082558
9130098972
9130051509
9130094935
9130084791
9130051383
9130093740
9130045736
9130048758
9130098074
9130084013
9130044196
9130046742
9130043955
9130090471
9130050964
9130098401
9130058660
9130091374
9130092065
9130084081
9130031293
9130035753
9130051694
9130038496
9130050356
9130083782
9130035136
9130043533
9130043968
9130031244
9130095743
9130094868
9130097706
9130086298
9130047239
9130053287
9130049375
9130059968
9130095798
9130098337
9130088652
9130098876
9130092405
9130058324
9130031424
9130047189
9130094772
9130083597
9130041964
9130099487
9130032934
9130031361
9130057560
9130058236
9130047738
9130047519
9130041106
9130094874
9130100435
9130100537
9130101461
9130101953
9130102393
9130102896
9130102924
9130103184
9130103844
9130104180
9130126748
9130104753
9130115373
9130126762
9130118155
9130112546
9130126613
9130105370
9130126815
9130126663
9130107235
9130126761
9130107040
9130126813
9130124913
9130126737
9130126738
9130126857
9130126774
9130111924
9130127271
9130112698
9130108958
9130126821
9130126105
9130126714
9130121793
9130126759
9130126851
9130127388
9130126623
9130126745
9130126694
9130126861
9130126903
9130105249
9130126607
9130126880
9130112564
9130126713
9130112642
9130112416
9130104431
9130126825
9130115025
9130122068
9130126757
9130126742
9130126867
9130125768
9130126834
9130127375
9130126864
9130126887
9130126920
9130127158
9130118862
9130112493
9130111758
9130126871
9130127383
9130126751
9130126728
9130113053
9130126830
9130126882
9130126660
9130126827
9130126842
9130111874
9130117508
9130126744
9130108505
9130126718
9130126736
9130112536
9130126809
9130126712
9130117524
9130126843
9130124884
9130126847
9130127319
9130126960
9130112488
9130106991
9130111728
9130126812
9130126844
9130105372
9137416963
9137416703
9137416789
9137417365
9137415406
9137415872
9137416999
9137417416
9137416555
9137417552
9137415569
9137416887
9137415634
9137416572
9137416517
9137417052
9137415857
9137417263
9137417529
9137417309
9137415645
9137417405
9137415999
9137415890
9134820529
9134821522
9134821755
9134821607
9134820491
9134820554
9134820485
9134821052
9134820781
9134821679
9134821094
9134821676
9134821658
9134820397
9134821268
9134820640
9134820647
9134821561
9134822127
9134820566
9134518192
9134515722
9134516616
9134516607
9134516729
9134517880
9134517148
9134515743
9134518227
9134516839
9134516454
9134515594
9134517004
9134515758
9134518035
9134516786
9134516200
9134515820
9134517854
9134516752
9134518142
9134516485
9134516737
9134517199
9134517273
9134516760
9134516610
9134516413
9134516724
9134516559
9134517550
9134516340
9134515738
9134515754
9134516504
9134518156
9134516774
9134516705
9134516601
9134516693
9134517102
9134515598
9134515742
9139512673
9139512942
9139513048
9139513407
9139512924
9139513143
9139512919
9139513247
9133918465
9133918792
9133918849
9133918429
9133918462
9133918630
9133918820
9133918589
9133918390
9133918393
9133918467
9133918445
9133918510
9133918810
9133918680
9133918339
9133918544
9133918733
9133918412
9133918734
9133918547
9139829664
9139829589
9139829347
9139829604
9139829645
9139829635
9139829610
9139829380
9139829650
9139829670
9139829649
9139829600
9139829656
9139829661
9139829651
9139829417
9139829360
9139829424
9139829399
9139829594
9139829353
9139829648
9139829368
9139829480
9139829652
9833228477
9833228506
9833228424
9833228430
9833228399
9833228379
9833129627
9833127941
9833128225
9833128323
9833128233
9833128448
9833128290
9833129688
9833129377
9833128242
9833128453
9833128858
9833128644
9833127887
9833129234
9833129380
9833130635
9833130986
9833130893
9833130847
9833130286
9833130217
9833130998
9833130549
9833130129
9833131064
9833130933
9833130471
9833130742
9833130245
9833129893
9833130852
9833130627
9833130395
9833130357
9833130859
9833130429
9833130840
9139193153
9139193274
9139193398
9139193242
9139193267
9139193481
9139193357
9139193172
9139193432
9139347498
9139347772
9139347708
9139347403
9139347129
9139347888
9139347778
9139347776
9139347159
9139347153
9139347900
9139347073
9139347877
9139347771
9139347172
9139347864
9139347557
9139347134
9139347859
9139347695
9139347688
9139347758
9139347392
9139347328
9139347800
9139347927
9139347183
9139347588
9139347136
9133724568
9133724015
9133723705
9133723715
9133722621
9133722848
9133723028
9133724565
9133723662
9133722958
9133724491
9133724504
9133723447
9133722734
9133723146
9133723544
9133722464
9133723618
9133723292
9133724071
9133723794
9133723173
9133723157
9137910775
9137910773
9137911086
9137910657
9137911094
9137910666
9137910583
9137911097
9134623353
9831311853
9831311892
9831311903
9831311815
9831311742
9831311738
9831311869
9831311974
9831311761
9831311893
9831311744
9831311825
9831311832
9831311854
9831311890
9831311788
9831311959
9831311751
9132045111
9132037949
9132045051
9132044297
9132044983
9132045350
9132045029
9132044683
9132045469
9132045400
9132035617
9132045429
9132036241
9132045044
9132043445
9132044887
9132045445
9132045145
9132045378
9132044915
9132039283
9132037939
9137417553
9137418261
9137417816
9137417846
9137418326
9137418846
9137418547
9137417925
9137418755
9137417976
9137417708
9137418881
9137417892
9137418288
9137418645
9137417899
9137418548
9137210251
9137209547
9137209877
9137210765
9137210984
9137211783
9137211107
9137210739
9137211126
9137211690
9137208885
9137209396
9137211006
9137211123
9137211631
9137209835
9137211128
9137211152
9137210002
9137210608
9137209476
9137211170
9137211175
9137211167
9137209991
9137211157
9137211604
9137211532
9137211710
9137211147
9137209993
9137209994
9137209040
9137211129
9137210006
9137210542
9137210587
9137211125
9137211132
9137211120
9137211628
9137211506
9137209444
9137210444
9137520710
9137520894
9137520852
9137520921
9137520798
9137520791
9137520816
9137520771
9137520788
9137520918
9137520786
9137520743
9137521023
9137520877
9137521098
9137520811
9137520995
9137520937
9137520920
9137520993
9137520778
9139829705
9139829695
9139829704
9139829702
9139829672
9139829691
9139829709
9139829723
9139829684
9139829692
9139829716
9139425681
9139425596
9139426386
9137203831
9137204467
9137614641
9137614685
9137614834
9137614681
9137614997
9137614888
9137615222
9130613923
9130613555
9130613836
9130613444
9130613785
9130613838
9130613928
9130613330
9133704175
9133705276
9137800042
9137802168
9137836682
9137836873
9137836861
9137836746
9137836634
9137836552
9137836646
9137836446
9137836502
9137836614
9137836444
9137836899
9137836555
9137836477
9137836613
9137836691
9137836918
9137836556
9137836859
9137836784
9137836877
9137836924
9137836841
9137836604
9137836795
9137836911
9137836578
9137836645
9134711145
9134735287
9134735205
9134734703
9134735065
9134735117
9134735101
9134734829
9134735009
9134734876
9134734625
9134734889
9134735275
9134735112
9134734911
9134735119
9134735118
9134734880
9134735035
9134735315
9134734896
9134735051
9134734684
9137503091
9137503096
9139829767
9139829806
9139829734
9139829729
9139829793
9139829790
9139829794
9139829780
9139829742
9139829743
9139829738
9139829769
9139829801
9139829752
9139829798
9139829803
9139829726
9139829755
9139829784
9139829750
9139829757
9139829770
9139829781
9139829774
9139892393
9830512716
9831300143
9831307770
9130039957
9130043483
9137903222
9137903338
9831209337
9831230352
9831230624
9831230735
9831230519
9831230430
9831230484
9831230468
9831230348
9831230454
9831230502
9831230449
9831230427
9831230466
9831230414
9831230443
9831230794
9831230460
9831230673
9831230379
9831230461
9831230421
9831230592
9831230480
9831230757
9831230420
9831230415
9831230585
9831230448
9831230351
9831230371
9831230356
9831230806
9137302891
9833110294
9139514845
9139514666
9139514333
9139514581
9139514257
9139514687
9139514613
9139514000
9139514736
9139514606
9139514841
9139514521
9139514773
9139300324
9139348028
9139348080
9139348308
9139348146
9139348502
9139348385
9139348276
9139347960
9139348311
9139348310
9139348222
9139348449
9139348427
9139348459
9139348233
9139348207
9139348469
9139348246
9139348369
9133801554
9133825769
9133825842
9133825658
9133825817
9133825833
9133825896
9133825743
9133825681
9133825790
9133825733
9133825821
9133825867
9133825762
9133825685
9133825914
9133825693
9133825810
9133825803
9133825866
9133825926
9133825869
9133825942
9133825667
9133825849
9133825922
9133825736
9133825777
9133825661
9133825671
9137000297
9137001302
9137021151
9137022157
9137021672
9137021789
9137021052
9137021886
9137021514
9137021116
9137020668
9137021692
9137021900
9137020935
9137021378
9137021752
9137020991
9137021633
9137324608
9137324555
9137324631
9137324809
9137324735
9137324601
9137324898
9137324970
9137324635
9137324605
9137324486
9137324480
9137324889
9137324745
9137324514
9833018763
9833018958
9833018606
9833018592
9833018677
9833018551
9833018766
9833018691
9833018798
9833018739
9833018943
9833018601
9134500886
9134501660
9138921435
9138921368
9138920820
9138921007
9138921421
9138920967
9138921164
9138920927
9138921462
9138920931
9138921484
9134611889
9134625657
9134623961
9134623875
9134624785
9134624734
9134624309
9134624649
9134625952
9134624600
9134624713
9134625923
9134626037
9134624318
9134625048
9134625436
9134625728
9134625527
9134626015
9134625935
9130101197
9130101267
9130110064
9130127779
9130128265
9130128412
9130128455
9130128393
9130127395
9130128232
9130127726
9130128332
9130128076
9130128533
9130128569
9130127770
9130128144
9130127513
9130127771
9835143792
9139200915
9139251083
9139250743
9139250890
9139251093
9139250590
9139250647
9139250654
9139251032
9139250797
9139250490
9139250512
9139250666
9139250667
9139250615
9139250834
9139250629
9139250432
9139250460
9139250579
9139250742
9139250732
9139250611
9139250942
9139250881
9139250618
9139251102
9139250423
9139250354
9139251091
9139250630
9139250537
9139250652
9139250648
9139250580
9139250762
9139251050
9139250604
9139250753
9139251030
9139250599
9139251104
9133911674
9133913121
9133920898
9133920883
9133919588
9133919714
9133919267
9133920270
9133919982
9133920393
9133920462
9133919051
9133920251
9133919870
9133919867
9133919940
9133919854
9133919587
9133919180
9133919446
9133921348
9133921021
9133920180
9133919558
9133919116
9133920599
9133921284
9133919706
9133919875
9133919450
9133921659
9133921860
9133920687
9133921335
9133921620
9133920290
9133919145
9133919031
9133920793
9133919648
9133921318
9133918993
9133919469
9133919408
9133920544
9133921604
9133918859
9133919613
9133920987
9133920871
9133919752
9132000394
9132000829
9132045540
9132046006
9132045948
9132046030
9132045888
9132045651
9132045541
9132045634
9132045531
9132045832
